,Extra-trees,Random Forest (100),Random Forest (50),MLP Classifier,K-Nearest Neighbors,SVM,Ridge Classifier,Dataset
0,0.884313725490196,0.8705882352941177,0.8549019607843137,0.7411764705882353,0.6509803921568628,0.596078431372549,0.45098039215686275,MoS Tact
1,0.8784313725490196,0.8372549019607843,0.8352941176470589,0.7803921568627451,0.6784313725490196,0.6,0.4725490196078431,MoS Tact
2,0.8764705882352941,0.8450980392156863,0.8333333333333334,0.7725490196078432,0.6490196078431373,0.5450980392156862,0.4235294117647059,MoS Tact
3,0.888235294117647,0.8431372549019608,0.8411764705882353,0.7784313725490196,0.6431372549019608,0.5627450980392157,0.4627450980392157,MoS Tact
4,0.8941176470588236,0.8686274509803922,0.8431372549019608,0.7607843137254902,0.6333333333333333,0.5725490196078431,0.46078431372549017,MoS Tact
5,0.7,0.696078431372549,0.696078431372549,0.6843137254901961,0.6509803921568628,0.6666666666666666,0.47058823529411764,MoS Pos
6,0.6509803921568628,0.6450980392156863,0.6431372549019608,0.6509803921568628,0.6294117647058823,0.6274509803921569,0.46078431372549017,MoS Pos
7,0.6568627450980392,0.6568627450980392,0.6568627450980392,0.6529411764705882,0.6313725490196078,0.6352941176470588,0.4647058823529412,MoS Pos
8,0.6549019607843137,0.6568627450980392,0.6568627450980392,0.6607843137254902,0.6215686274509804,0.6313725490196078,0.46862745098039216,MoS Pos
9,0.6725490196078432,0.6705882352941176,0.6647058823529411,0.6705882352941176,0.5843137254901961,0.6372549019607843,0.45098039215686275,MoS Pos
10,0.9509803921568627,0.9313725490196079,0.9254901960784314,0.888235294117647,0.7764705882352941,0.8176470588235294,0.6098039215686275,MoS Pos+Tact
11,0.9274509803921569,0.9254901960784314,0.907843137254902,0.8725490196078431,0.8,0.8235294117647058,0.6274509803921569,MoS Pos+Tact
12,0.9313725490196079,0.9058823529411765,0.9,0.9019607843137255,0.7862745098039216,0.8254901960784313,0.5941176470588235,MoS Pos+Tact
13,0.9254901960784314,0.9058823529411765,0.9117647058823529,0.888235294117647,0.7803921568627451,0.8117647058823529,0.6039215686274509,MoS Pos+Tact
14,0.9411764705882353,0.9274509803921569,0.9215686274509803,0.8921568627450981,0.7803921568627451,0.807843137254902,0.5882352941176471,MoS Pos+Tact
